# relative_time, cycles_done, cur_item, corpus_count, pending_total, pending_favs, map_size, saved_crashes, saved_hangs, max_depth, execs_per_sec, total_execs, edges_found, total_crashes, servers_count
60, 62, 3, 5, 0, 0, 40.00%, 0, 0, 5, 2322.09, 136794, 6, 0, 0
65, 67, 3, 5, 0, 0, 40.00%, 0, 0, 5, 2325.67, 148572, 6, 0, 0
70, 71, 3, 5, 0, 0, 40.00%, 0, 0, 5, 2281.77, 160031, 6, 0, 0
75, 74, 4, 5, 0, 0, 40.00%, 0, 0, 5, 2311.81, 171680, 6, 0, 0
81, 78, 2, 5, 0, 0, 40.00%, 0, 0, 5, 2294.01, 183286, 6, 0, 0
86, 83, 4, 5, 0, 0, 40.00%, 0, 0, 5, 2320.45, 194981, 6, 0, 0
91, 87, 3, 5, 0, 0, 40.00%, 0, 0, 5, 2336.72, 206815, 6, 0, 0
96, 92, 3, 5, 0, 0, 40.00%, 0, 0, 5, 2311.17, 218773, 6, 0, 0
101, 96, 4, 5, 0, 0, 40.00%, 0, 0, 5, 2296.02, 230386, 6, 0, 0
106, 103, 4, 5, 0, 0, 40.00%, 0, 0, 5, 2315.68, 242014, 6, 0, 0
111, 107, 3, 5, 0, 0, 40.00%, 0, 0, 5, 2329.18, 254159, 6, 0, 0
116, 111, 2, 5, 0, 0, 40.00%, 0, 0, 5, 2061.67, 264801, 6, 0, 0
121, 115, 4, 5, 0, 0, 40.00%, 0, 0, 5, 1951.13, 274109, 6, 0, 0
126, 118, 4, 5, 0, 0, 40.00%, 0, 0, 5, 2008.15, 284496, 6, 0, 0
132, 123, 3, 5, 0, 0, 40.00%, 0, 0, 5, 2030.01, 295051, 6, 0, 0
137, 127, 3, 5, 0, 0, 40.00%, 0, 0, 5, 2074.83, 305263, 6, 0, 0
142, 133, 0, 5, 0, 0, 40.00%, 0, 0, 5, 2146.26, 316245, 6, 0, 0
147, 138, 3, 5, 0, 0, 40.00%, 1, 0, 5, 2239.29, 327759, 6, 1, 0
152, 141, 3, 5, 0, 0, 40.00%, 1, 0, 5, 2122.81, 333857, 6, 1, 0
157, 144, 3, 5, 0, 0, 40.00%, 1, 0, 5, 1854.71, 343478, 6, 1, 0
162, 150, 3, 5, 0, 0, 40.00%, 1, 0, 5, 2222.93, 355068, 6, 1, 0
167, 153, 4, 5, 0, 0, 40.00%, 1, 0, 5, 2285.35, 366607, 6, 1, 0
172, 157, 4, 5, 0, 0, 40.00%, 1, 0, 5, 2283.66, 378132, 6, 1, 0
177, 161, 4, 5, 0, 0, 40.00%, 1, 0, 5, 2260.24, 389517, 6, 1, 0
182, 166, 4, 5, 0, 0, 40.00%, 1, 0, 5, 2237.11, 400793, 6, 1, 0
187, 169, 4, 5, 0, 0, 40.00%, 1, 0, 5, 2216.12, 412142, 6, 1, 0
192, 174, 3, 5, 0, 0, 40.00%, 1, 0, 5, 2267.84, 423947, 6, 2, 0
197, 177, 4, 5, 0, 0, 40.00%, 1, 0, 5, 2163.82, 434970, 6, 2, 0
202, 181, 4, 5, 0, 0, 40.00%, 1, 0, 5, 2246.66, 446369, 6, 2, 0
207, 184, 4, 5, 0, 0, 40.00%, 1, 0, 5, 2235.42, 457764, 6, 3, 0
213, 189, 4, 5, 0, 0, 40.00%, 1, 0, 5, 2084.68, 468164, 6, 3, 0
218, 193, 4, 5, 0, 0, 40.00%, 1, 0, 5, 1946.21, 477911, 6, 4, 0
223, 198, 3, 5, 0, 0, 40.00%, 1, 0, 5, 2121.00, 488895, 6, 4, 0
228, 203, 3, 5, 0, 0, 40.00%, 1, 0, 5, 2227.21, 500206, 6, 4, 0
233, 208, 3, 5, 0, 0, 40.00%, 1, 0, 5, 2297.58, 512242, 6, 4, 0
238, 212, 2, 5, 0, 0, 40.00%, 1, 0, 5, 2236.80, 523516, 6, 4, 0
243, 217, 1, 5, 0, 0, 40.00%, 1, 0, 5, 2306.17, 535618, 6, 4, 0
248, 221, 3, 5, 0, 0, 40.00%, 1, 0, 5, 2283.67, 547097, 6, 4, 0
253, 226, 4, 5, 0, 0, 40.00%, 1, 0, 5, 2290.03, 558653, 6, 4, 0
258, 231, 3, 5, 0, 0, 40.00%, 1, 0, 5, 2307.75, 570237, 6, 4, 0
263, 237, 0, 5, 0, 0, 40.00%, 1, 0, 5, 2166.43, 581490, 6, 4, 0
269, 241, 4, 5, 0, 0, 40.00%, 1, 0, 5, 2221.61, 592548, 6, 4, 0
274, 245, 4, 5, 0, 0, 40.00%, 1, 0, 5, 2274.32, 604087, 6, 4, 0
279, 249, 3, 5, 0, 0, 40.00%, 1, 0, 5, 2232.72, 615287, 6, 4, 0
284, 253, 1, 5, 0, 0, 40.00%, 1, 0, 5, 2262.86, 626871, 6, 4, 0
289, 258, 4, 5, 0, 0, 40.00%, 1, 0, 5, 2267.96, 638267, 6, 5, 0
294, 262, 3, 5, 0, 0, 40.00%, 1, 0, 5, 2239.20, 649279, 6, 5, 0
299, 267, 2, 5, 0, 0, 40.00%, 1, 0, 5, 2122.67, 659964, 6, 5, 0
304, 271, 4, 5, 0, 0, 40.00%, 1, 0, 5, 2082.70, 670485, 6, 5, 0
309, 276, 4, 5, 0, 0, 40.00%, 1, 0, 5, 2059.78, 680787, 6, 6, 0
314, 279, 2, 5, 0, 0, 40.00%, 1, 0, 5, 2008.59, 691027, 6, 6, 0
319, 284, 3, 5, 0, 0, 40.00%, 1, 0, 5, 2202.21, 702362, 6, 7, 0
324, 289, 3, 5, 0, 0, 40.00%, 1, 0, 5, 2267.12, 714317, 6, 7, 0
329, 292, 4, 5, 0, 0, 40.00%, 1, 0, 5, 2292.81, 726317, 6, 7, 0
334, 297, 4, 5, 0, 0, 40.00%, 1, 0, 5, 2291.79, 737821, 6, 7, 0
339, 302, 4, 5, 0, 0, 40.00%, 1, 0, 5, 2282.00, 749387, 6, 7, 0
344, 307, 3, 5, 0, 0, 40.00%, 1, 0, 5, 2290.39, 760807, 6, 7, 0
349, 313, 3, 5, 0, 0, 40.00%, 1, 0, 5, 2311.70, 772518, 6, 7, 0
355, 317, 4, 5, 0, 0, 40.00%, 1, 0, 5, 2244.32, 784174, 6, 7, 0
360, 322, 3, 5, 0, 0, 40.00%, 1, 0, 5, 2256.13, 795542, 6, 7, 0
365, 326, 3, 5, 0, 0, 40.00%, 1, 0, 5, 2240.88, 806792, 6, 7, 0
370, 331, 0, 5, 0, 0, 40.00%, 1, 0, 5, 2189.84, 817546, 6, 7, 0
375, 336, 4, 5, 0, 0, 40.00%, 1, 0, 5, 2288.64, 829232, 6, 7, 0
380, 341, 0, 5, 0, 0, 40.00%, 1, 0, 5, 2307.29, 840868, 6, 7, 0
385, 345, 4, 5, 0, 0, 40.00%, 1, 0, 5, 2281.79, 852321, 6, 7, 0
390, 351, 3, 5, 0, 0, 40.00%, 1, 0, 5, 2161.80, 863466, 6, 7, 0
395, 355, 2, 5, 0, 0, 40.00%, 1, 0, 5, 2029.23, 873527, 6, 7, 0
400, 359, 4, 5, 0, 0, 40.00%, 1, 0, 5, 2208.26, 885179, 6, 7, 0
405, 363, 3, 5, 0, 0, 40.00%, 1, 0, 5, 2254.92, 896667, 6, 7, 0
410, 367, 4, 5, 0, 0, 40.00%, 1, 0, 5, 2104.59, 906927, 6, 7, 0
416, 370, 4, 5, 0, 0, 40.00%, 1, 0, 5, 2011.87, 917387, 6, 7, 0
421, 375, 3, 5, 0, 0, 40.00%, 1, 0, 5, 2168.11, 928444, 6, 7, 0
426, 379, 4, 5, 0, 0, 40.00%, 1, 0, 5, 2277.89, 940092, 6, 7, 0
431, 384, 1, 5, 0, 0, 40.00%, 1, 0, 5, 2291.87, 951617, 6, 7, 0
436, 389, 3, 5, 0, 0, 40.00%, 1, 0, 5, 2308.37, 963235, 6, 7, 0
441, 393, 3, 5, 0, 0, 40.00%, 1, 0, 5, 2324.97, 974989, 6, 8, 0
446, 398, 3, 5, 0, 0, 40.00%, 1, 0, 5, 2273.94, 986487, 6, 8, 0
451, 401, 3, 5, 0, 0, 40.00%, 1, 0, 5, 2319.45, 998228, 6, 8, 0
456, 405, 4, 5, 0, 0, 40.00%, 1, 0, 5, 2307.15, 1009981, 6, 8, 0
461, 409, 3, 5, 0, 0, 40.00%, 1, 0, 5, 2311.41, 1021689, 6, 8, 0
466, 414, 3, 5, 0, 0, 40.00%, 1, 0, 5, 2286.26, 1033247, 6, 8, 0
471, 419, 4, 5, 0, 0, 40.00%, 1, 0, 5, 2316.27, 1044916, 6, 8, 0
476, 423, 3, 5, 0, 0, 40.00%, 1, 0, 5, 2299.58, 1056567, 6, 8, 0
481, 427, 4, 5, 0, 0, 40.00%, 1, 0, 5, 2319.22, 1068220, 6, 8, 0
486, 433, 4, 5, 0, 0, 40.00%, 1, 0, 5, 2329.64, 1079893, 6, 8, 0
491, 438, 0, 5, 0, 0, 40.00%, 1, 0, 5, 2302.88, 1091343, 6, 8, 0
496, 441, 3, 5, 0, 0, 40.00%, 1, 0, 5, 2224.32, 1102625, 6, 8, 0
501, 446, 4, 5, 0, 0, 40.00%, 1, 0, 5, 2199.90, 1113744, 6, 8, 0
507, 449, 4, 5, 0, 0, 40.00%, 1, 0, 5, 2246.10, 1125056, 6, 8, 0
512, 454, 4, 5, 0, 0, 40.00%, 1, 0, 5, 2264.58, 1136582, 6, 8, 0
517, 457, 4, 5, 0, 0, 40.00%, 1, 0, 5, 2309.55, 1148374, 6, 8, 0
522, 461, 3, 5, 0, 0, 40.00%, 1, 0, 5, 2283.04, 1159802, 6, 8, 0
527, 466, 3, 5, 0, 0, 40.00%, 1, 0, 5, 2267.99, 1171282, 6, 8, 0
532, 471, 2, 5, 0, 0, 40.00%, 1, 0, 5, 2297.74, 1182893, 6, 8, 0
537, 476, 0, 5, 0, 0, 40.00%, 1, 0, 5, 2300.41, 1194496, 6, 10, 0
542, 481, 4, 5, 0, 0, 40.00%, 1, 0, 5, 2319.80, 1206298, 6, 10, 0
547, 484, 4, 5, 0, 0, 40.00%, 1, 0, 5, 2197.43, 1217240, 6, 10, 0
552, 487, 3, 5, 0, 0, 40.00%, 1, 0, 5, 2217.83, 1228417, 6, 10, 0
557, 492, 4, 5, 0, 0, 40.00%, 1, 0, 5, 2298.52, 1240097, 6, 10, 0
562, 497, 4, 5, 0, 0, 40.00%, 1, 0, 5, 2322.12, 1251937, 6, 10, 0
567, 501, 2, 5, 0, 0, 40.00%, 1, 0, 5, 2298.23, 1263442, 6, 10, 0
572, 504, 4, 5, 0, 0, 40.00%, 1, 0, 5, 2311.51, 1275487, 6, 10, 0
577, 509, 4, 5, 0, 0, 40.00%, 1, 0, 5, 2299.25, 1286942, 6, 10, 0
582, 514, 1, 5, 0, 0, 40.00%, 1, 0, 5, 2299.57, 1298542, 6, 10, 0
587, 519, 4, 5, 0, 0, 40.00%, 1, 0, 5, 2320.79, 1310199, 6, 11, 0
593, 523, 3, 5, 0, 0, 40.00%, 1, 0, 5, 2267.42, 1321607, 6, 12, 0
598, 528, 0, 5, 0, 0, 40.00%, 1, 0, 5, 2275.80, 1332917, 6, 12, 0
603, 531, 3, 5, 0, 0, 40.00%, 1, 0, 5, 2293.42, 1344512, 6, 12, 0
608, 537, 4, 5, 0, 0, 40.00%, 1, 0, 5, 2262.02, 1355867, 6, 13, 0
613, 541, 2, 5, 0, 0, 40.00%, 1, 0, 5, 2256.83, 1367242, 6, 13, 0
618, 546, 3, 5, 0, 0, 40.00%, 1, 0, 5, 2302.13, 1378861, 6, 14, 0
623, 549, 4, 5, 0, 0, 40.00%, 1, 0, 5, 1978.24, 1389023, 6, 14, 0
628, 551, 3, 5, 0, 0, 40.00%, 1, 0, 5, 2142.45, 1399934, 6, 14, 0
633, 556, 4, 5, 0, 0, 40.00%, 1, 0, 5, 2209.25, 1411012, 6, 15, 0
638, 562, 3, 5, 0, 0, 40.00%, 1, 0, 5, 2203.83, 1421966, 6, 16, 0
643, 565, 4, 5, 0, 0, 40.00%, 1, 0, 5, 2211.09, 1433339, 6, 16, 0
649, 570, 4, 5, 0, 0, 40.00%, 1, 0, 5, 2239.30, 1444763, 6, 16, 0
654, 578, 0, 5, 0, 0, 40.00%, 1, 0, 5, 2245.07, 1456216, 6, 16, 0
659, 582, 3, 5, 0, 0, 40.00%, 1, 0, 5, 2195.35, 1466858, 6, 17, 0
664, 585, 0, 5, 0, 0, 40.00%, 1, 0, 5, 2292.97, 1478546, 6, 17, 0
669, 589, 1, 5, 0, 0, 40.00%, 1, 0, 5, 2287.64, 1490121, 6, 17, 0
674, 594, 4, 5, 0, 0, 40.00%, 1, 0, 5, 2292.73, 1501687, 6, 18, 0
679, 598, 4, 5, 0, 0, 40.00%, 1, 0, 5, 2305.11, 1513340, 6, 18, 0
684, 602, 4, 5, 0, 0, 40.00%, 1, 0, 5, 2216.05, 1524521, 6, 18, 0
689, 606, 3, 5, 0, 0, 40.00%, 1, 0, 5, 2224.68, 1535818, 6, 18, 0
694, 609, 4, 5, 0, 0, 40.00%, 1, 0, 5, 2160.43, 1546649, 6, 18, 0
699, 614, 4, 5, 0, 0, 40.00%, 1, 0, 5, 2171.38, 1557863, 6, 18, 0
704, 618, 4, 5, 0, 0, 40.00%, 1, 0, 5, 2170.17, 1568931, 6, 18, 0
709, 623, 4, 5, 0, 0, 40.00%, 1, 0, 5, 2179.56, 1579951, 6, 18, 0
714, 627, 3, 5, 0, 0, 40.00%, 1, 0, 5, 2111.31, 1590584, 6, 18, 0
719, 631, 4, 5, 0, 0, 40.00%, 1, 0, 5, 2211.34, 1601564, 6, 18, 0
724, 635, 3, 5, 0, 0, 40.00%, 1, 0, 5, 2282.25, 1613122, 6, 18, 0
729, 639, 4, 5, 0, 0, 40.00%, 1, 0, 5, 2268.46, 1624632, 6, 18, 0
734, 642, 2, 5, 0, 0, 40.00%, 1, 0, 5, 2104.85, 1634964, 6, 18, 0
740, 648, 3, 5, 0, 0, 40.00%, 1, 0, 5, 2243.93, 1646689, 6, 18, 0
745, 653, 3, 5, 0, 0, 40.00%, 1, 0, 5, 2199.03, 1657791, 6, 18, 0
750, 657, 1, 5, 0, 0, 40.00%, 1, 0, 5, 2224.52, 1668941, 6, 18, 0
755, 661, 3, 5, 0, 0, 40.00%, 1, 0, 5, 2100.32, 1679861, 6, 18, 0
760, 664, 3, 5, 0, 0, 40.00%, 1, 0, 5, 1824.24, 1688962, 6, 18, 0
765, 668, 4, 5, 0, 0, 40.00%, 1, 0, 5, 1838.37, 1698713, 6, 18, 0
770, 671, 3, 5, 0, 0, 40.00%, 1, 0, 5, 1974.27, 1708761, 6, 18, 0
775, 674, 3, 5, 0, 0, 40.00%, 1, 0, 5, 2000.60, 1718821, 6, 18, 0
780, 678, 1, 5, 0, 0, 40.00%, 1, 0, 5, 2163.50, 1730121, 6, 18, 0
786, 682, 2, 5, 0, 0, 40.00%, 1, 0, 5, 2005.60, 1740377, 6, 18, 0
791, 684, 4, 5, 0, 0, 40.00%, 1, 0, 5, 1458.31, 1748717, 6, 18, 0
796, 690, 4, 5, 0, 0, 40.00%, 1, 0, 5, 1967.12, 1759803, 6, 18, 0
801, 695, 4, 5, 0, 0, 40.00%, 1, 0, 5, 1986.15, 1769887, 6, 18, 0
806, 698, 4, 5, 0, 0, 40.00%, 1, 0, 5, 2142.43, 1780702, 6, 19, 0
811, 703, 4, 5, 0, 0, 40.00%, 1, 0, 5, 2215.75, 1792012, 6, 19, 0
816, 708, 3, 5, 0, 0, 40.00%, 1, 0, 5, 2289.80, 1803597, 6, 19, 0
821, 712, 4, 5, 0, 0, 40.00%, 1, 0, 5, 2253.77, 1814967, 6, 19, 0
826, 718, 3, 5, 0, 0, 40.00%, 1, 0, 5, 2281.56, 1826482, 6, 19, 0
831, 722, 3, 5, 0, 0, 40.00%, 1, 0, 5, 2284.00, 1838107, 6, 19, 0
836, 727, 3, 5, 0, 0, 40.00%, 1, 0, 5, 2259.60, 1849542, 6, 20, 0
842, 731, 3, 5, 0, 0, 40.00%, 1, 0, 5, 2180.34, 1861017, 6, 20, 0
847, 735, 4, 5, 0, 0, 40.00%, 1, 0, 5, 2193.96, 1871788, 6, 20, 0
852, 739, 3, 5, 0, 0, 40.00%, 1, 0, 5, 2250.56, 1883160, 6, 20, 0
857, 742, 0, 5, 0, 0, 40.00%, 1, 0, 5, 1864.14, 1891558, 6, 20, 0
862, 746, 4, 5, 0, 0, 40.00%, 1, 0, 5, 2169.36, 1903298, 6, 20, 0
867, 750, 4, 5, 0, 0, 40.00%, 1, 0, 5, 2110.09, 1913805, 6, 20, 0
872, 754, 4, 5, 0, 0, 40.00%, 1, 0, 5, 2145.99, 1924867, 6, 21, 0
877, 758, 2, 5, 0, 0, 40.00%, 1, 0, 5, 2007.09, 1934971, 6, 21, 0
882, 762, 4, 5, 0, 0, 40.00%, 1, 0, 5, 2097.11, 1945695, 6, 21, 0
888, 766, 3, 5, 0, 0, 40.00%, 1, 0, 5, 1966.66, 1955712, 6, 21, 0
893, 769, 3, 5, 0, 0, 40.00%, 1, 0, 5, 1984.99, 1965568, 6, 22, 0
898, 775, 3, 5, 0, 0, 40.00%, 1, 0, 5, 2145.96, 1976368, 6, 22, 0
903, 780, 3, 5, 0, 0, 40.00%, 1, 0, 5, 2134.04, 1987464, 6, 22, 0
908, 785, 4, 5, 0, 0, 40.00%, 1, 0, 5, 2181.96, 1998633, 6, 22, 0
913, 789, 3, 5, 0, 0, 40.00%, 1, 0, 5, 2166.46, 2009621, 6, 22, 0
918, 793, 3, 5, 0, 0, 40.00%, 1, 0, 5, 2142.47, 2020485, 6, 22, 0
923, 798, 3, 5, 0, 0, 40.00%, 1, 0, 5, 2170.70, 2031399, 6, 22, 0
928, 802, 1, 5, 0, 0, 40.00%, 1, 0, 5, 2079.44, 2041938, 6, 23, 0
933, 806, 4, 5, 0, 0, 40.00%, 1, 0, 5, 2024.74, 2052207, 6, 23, 0
938, 810, 3, 5, 0, 0, 40.00%, 1, 0, 5, 2179.49, 2063227, 6, 24, 0
943, 814, 3, 5, 0, 0, 40.00%, 1, 0, 5, 2194.70, 2074430, 6, 24, 0
944, 814, 4, 5, 0, 0, 40.00%, 1, 0, 5, 2138.87, 2075481, 6, 24, 0
